=== IP Addresses (1) ===
1.3.1.1

=== Phone Numbers (44) ===
1782972128309
1782972166144
1782972165172
1782972128251
1782972118.251
1782972200032
1782972500032
1782972539553
1782972809397
1782972170138
1782972361882
1782972555408
1782972552696
1782973787722
1782972544014
1782973777146
1782973823155
1782973822045
1782973829139
1782973834027
1782973844003
1782973834.002
1782972120820
1782973832595
1782973808262
1782973820384
1782973808343
1782973820749
1782973820750
1782973807663
1782973805222
1782973807665
1782973821987
1782973821988
1782973822152
1782973822153
1782973835641
1782973841141
1782973846152
1782973995649
1782974201640
1782974405989
1782973831971
1782973821926

