=== IP Addresses (2) ===
92.97.172.41
1.3.2.6

=== Phone Numbers (32) ===
1781550787285
1774853990428
1781551065550
1781687854139
1782287704738
1782287703
1782287704739
1781860657369
1781550781925
1781550785669
1782848894371
1782893494403
1782893506490
1782893502
1782893506491
1782893508721
1782917023086
1782917029112
1782917025
1782917029113
1782980989650
1782980995954
1782980991
1782980995955
1782980996894
1782805695343
1782805691
1782805695344
1782374843482
1782374841
1782374843483
1781550789023

