=== Credit Cards (2) ===
5342764060356653
4175974449583464

=== Emails (13) ===
L@betsson.bet.ar
5Pmateorisso78@gmail.co
R@vsb58.tawk.to
0@kds.BYdvZrU
8@nexus.Brh
D@microsoft.BeeHZr
O5@cdn.cookielaw.org
1@analytics.twitter
Yk@3-popper.DpU
LjZLj@sst.rnd
0@analytics.twitter
X@cdn.cookielaw.orgM
Rb@-inspect.DrchkBE

=== IP Addresses (4) ===
149.0.0.0
1.3.1.1
1.0.1.1
018.046.047.082

=== Locations (1) ===
M6videoCuntrUruguay

=== Phone Numbers (108) ===
1781399988449
100009485599834
1783232161
1783232131
1783227072
1783227179
1783227121
1783228442
1783228403
1783232189073
1783232199281
1783232175553
1783232131433
1783232176175
1783232179128
61586206538281
1783232195
1783232189
1783216266
1782846845129
23659803089
1784248844
1781414270908
1781410681796
1781410687224
1783224070310
27854358731036
1783227202192
1783223094920
1781410813541
1783019184813
1783047870398
1782846967706
1783223205363
1781655747735
1221237486
1781555652924
1781526853292
1783291523
1781467230187
1789243230187
1783216166291
1783216466291
1789357173027
1783215706583
1781573637
1782847550707
1783216542.071
1783302942861
1785808542861
1785808860738
1785808860739
1783216542861
1783216860736
1781986855986
1781986881800
1781986784631
1781986785127
1781986811137
1781492599081
1781914338
1781986905687
1781411121371
1781585928250
1781586381789
919525213651000
1781587729325
1781482629883
1781492352298
1781410803417
1783216949735
1781750525230
1781747904087
1781479200000
1782193565441
1781730454962
1781557635235
1781749777160
1881478329
1783203540693
1419358927
1779699382000
1783205283353
1814739543188
1783204748211
1783004653110
1783004953110
1783216527423
1781324294786
1783181384880
1781602491359
1781799161020
1783223671555
1781562675795
1776348368
1783019131832
1783019161251
1781598919447
1781597497939
1781479478009
1781479244403
1783205096758
1782014862435
1783205101805
1783205101806
1781672162737
1783205117321
1785773945818

=== JWT Tokens (1) ===
eyJhbGciOiJSUzI1NiIsInR5cCI6IkpXVCJ9.eyJkZWZhdWx0Q3VycmVuY3kiOiJBUlNCIiwiZXh0ZXJuYWxVc2VySWQiOiJwbGF5ZXItNTUwOTU4MiIsImlhdCI6MTc4MTc1MDUwMCwiZXhwIjoxNzgxNzUwNTMwfQ.DyZe5ybElqwZSaPQio0dcZ3Esl_8tGu2rGQGOVr6M62sDeWjhYN9xXm9ww2ivZT_nTgyIp6m864rYuTRAVoVROdykwxD35r3FB1deYn7WLAufF--9bQmVCek8g1tm5pYdaVh4Mi20N4UFNS1zmcVQ4wVhBa5jS19xq1PFKK0CLo54vbodDh1ASDlrbJLWLP1kHcDM_W_feRGG00U1BCmzV3wJ9d9KCKQCo-mRNV8DixmJIKR5jn3DCSu6D5tdFMxCc_5x-WrMvCoLYylxZmo-T1EEVQ0HeL8S_dXcug3ZF_O0D4NMwcD9AXuDdXz5DZfe1Rk3gikQ67XOq7IoNHY8Q

