=== Credit Cards (1) ===
4961715681076479

=== IP Addresses (2) ===
176.31.198.246
2.13.4.2

=== Phone Numbers (102) ===
1752433367622
1752433361363
1759338667710
1757100346152
1757444072884
1759338668696
1759864540052
1783375200000
1783451224294
1783451222546
1783212232393
1758208675600
1737150562830
1783198325706
1782855979982
1759348479176
1759269600000
1783451413132
1783032853790
3469749444
1783461177597
1783463557
4294967293
1783461292917
1782908745
1782908745498
1782857852
1782857682554
1782856704
1782856704958
1777837438
1777837438203
1777837403
1777837077934
1774651169
1774651169817
1771963830
1771963830190
1771962667
1771962672622
1771625901
1771624496010
1771529970
1771529895549
1770231727
1770231727091
1769804635
1769804635447
1769029899
1769029899737
1767983284
1767983284950
1767822905
1767822905215
1767393067
1767393067838
1766532602
1766532602600
1764541194
1764541194749
1764447157
1764447157648
1763489002
1763489002898
1760790605
1760791912358
1759863901
1759863901508
1758112002
1758109795959
1782147076292
1783464892925
1783465387125
1783461600000
1783465882770
1777837413168
1758112012766
1764449222395
1769030045051
1759863911515
1763334773837
1760791912373
1782913393783
1782147081300
1771962707704
1774652817784
1782857337095
1764546158125
1766532873203
1782857867624
1767983865132
1771529980651
1767822915231
1767393037758
1769805461555
1777843561841
1770231857094
1771530090675
1771625911261
1783466127897
1783461292
1783462353087

