=== IP Addresses (1) ===
1.3.1.1

=== Locations (2) ===
United States
Bangladesh

=== Phone Numbers (62) ===
1777956732217
4956728000
1780550414321
1780480454584
1782364869899
1782360072000
1777981128751
1782532585916
1782385200000
1782295200000
1782216000000
1782201600000
1784975528228
84975325508
1782381600000
1784974714535
1784974615132
1782725346981
1782550787928
1782724431000
1782725343970
1785304072096
1782712800000
1785303854845
1785303610051
1782727200000
1782122400000
1782118800000
1781762400000
1781002800000
1779526800000
1779184800000
1779019200000
1778932800000
1778929200000
1778922000000
1785320676044
1782728676044
1785320738472
1782728738472
1785320816206
1782728816206
1785320938654
1782728938655
1782728948962
1782728947000
1782787798909
20260629.150
20260626.232
1782787796000
1782791391884
1782791389000
1782807471665
1782807469000
1782807506896
1782807505000
1782811077896
1782811076000
1782874939865
20260630.304
1782874937000
1785317437906

