=== Credit Cards (1) ===
5147246191199233

=== Emails (5) ===
01L@netmirror.plus
rajjor27@gmail.com
-@n.org
Ao@123movienow.cc
1@havitsmart.com

=== IP Addresses (9) ===
145.0.0.0
1.3.1.1
103.148.26.92
1.0.1.1
103.148.26.9
144.0.0.0
148.0.0.0
149.0.0.0
2.2.4.3

=== Locations (2) ===
United States
BD

=== User Agents (1) ===
Mozilla/5.0 (Windows NT 10.0; Win64; x64) AppleWebKit/537.36 (KHTML, like Gecko) Chrome/145.0.0.0 Safari/537.36

=== Phone Numbers (285) ===
1769724082119
1778416543774
1769727590709
1581950929
1783017991937
1776701690040
1773527314363
1777103242
1777016835
1777020434
1777024033
1777016844
1777018042
1777019241
1777016885040
1779733546422
1777017527492
1777017527494
1777017527493
1777987588151
1779390710304
1779354851
1780076008307
1780046132
1779436750314
1778133003127
1773607149421
1773607175138
1780143948333
1780143961763
1770983750989
1781798510256
1778087063326
1812001779558
1775036246548
1779957755282
1777715977000
1782923469388
1777742778138
3990884214
1777739748370
1777717257
1769819568192
1771086771456
1772108489466
1779522963.326
1779054766304
1778968361373
1778968358781
1777728402838
1777827760771
1777854765204
1770990656881
1772466067
1766465313
1778087029
1779717640758
9980933931319
1782757647271
1778971771
1770976575280
1777825821243
832073099811434
1773566367135
1780845698649
1777803535
3475710646
1773529641967
1776697961048
1779307929751
1778340587
1780913500
2478326499
1780498092374
1782985375085
1777023575708
1778574508307
1778574693700
1778574693718
1778574693735
1778574693753
1779394733664
1787170733664
1781201345578
1788977345578
1778935940823
1778936129822
1778572600568
1778574184348
1776077237482
1776077261537
1778935958001
1778936129849
1770981853257
1770981991977
1770811877
1770983283886
1777987588153
1779911767011
1781798475418
1782757113318
1782757127418
1778087086709
1779383044057
1809324608000
1779428997123
1779084627774
1809324626000
1770918605.155
1770991965
1778341839326
1778341809316
1778342440359
1778342650250
1778342470254
1778341602486
1778341993845
1778342858520
1778342110250
1778935899245
1780044840142
1779958440142
1773566440281
1770983734388
1781798459005
1778253822833
1779733042920
1779733050290
1779733082061
1782757303806
1782757911857
1781201528111
1779717739506
1777688455645
1777715512898
1777854624962
1778935886003
1778935936066
1778572581918
1779092510
1778087068217
1779383070822
1762245835330
1776947081771
1778342194414
4305099255
1781201035929
1781208145715
1769725229446
1769725554980
2059228531
1328253845
2825536879
3798005941
1769725554981
1780497543275
1782980570939
1782980870939
1813602404687
1813305354401
3927421387
1779840000000
1779901201160
159.2563365034
1779901201155
1779901201126
1778340188457
1778340190191
1778340206958
1773516969887
1773526298
1770093083873
1776697913007
1776697951665
1771601963220
6414012371
1771688363680
1777688271837
1778955567228
1770289287500
1777659585703
7206958795
1779722508091
7628869610
1779733757457
1778905579061
1779442657701
1781803927741
1781816487501
1781802127942
1777448175936
1778772938638
1778686519484
1779378268607
1769756207420
2871817394
1778429502572
1770937515936
1779724376067
1775921729070
1775921796923
1775921786.923
1786744217682
1782983919311
1772651570255
1783016551
1783016621038
1781527645268
1783018019978
1783018014869
1783018052587
1783018125131
1783018051082
1783018158259
1783018068491
1783018061418
1783018057920
1783018157398
1783018068399
1783018061541
1783018078421
1783018063580
1781202138678
1785675479717
1783083479717
1785675483430
1783083483431
1785675499163
1783083499164
1783083600000
1785675529730
1783083529730
1785675668263
1783083668263
1785675682848
1783083682848
1785675721965
1783083721965
1779941338019
1787717338019
1783083784550
1783084084550
1785675797778
1783083797778
1785675927991
1783083927991
1785675945913
1783083945913
1785675997433
1783083997433
1785676019396
1783084019396
1783083390447
1785676069136
1783084069136
1783170491156
1783084091156
1785676090454
1783084090454
1783099026455
217044838807747
1785689229684
1783097229684
1785689355010
1783097355011
1785689362428
1783097362428
1783097889348
1783184289302
1783097889302
1785689887863
1783097887863
1783112321537
1783112321436
1783097927263
1783126725767
1783097926037
1790873926039
1790873926038
1785690024439
1783098024439
1783083386626
1783085133218
1785675347279
1783083347279

=== JWT Tokens (2) ===
eyJhbGciOiJIUzI1NiIsInR5cCI6IkpXVCJ9.eyJvcmlnaW4iOiJodHRwczovL2NsaWNrYXBpLm5ldCIsInNlc3Npb25JZCI6IjIxNWU3NDMzLTY2MDItNDFiMS1iNjk5LTc5NmE1NGIxNDlkMiIsImlhdCI6MTc3NzY1OTk0NSwiZXhwIjoxNzc3NjYwNTQ1fQ.KxMg4itfk3UEMzLxOOruooko0zyUTYUkWWl_EYm13hI8
eyJraWQiOiJpOG1oQkY3QmtpaVUzU2xjTFhTNDBcLytDMXAyS2hEZEFRc0crbzVmWkZYRT0iLCJhbGciOiJSUzI1NiJ9.eyJzdWIiOiJmNDZjNGI3MS03YWQ3LTRmZDMtYmRmZi1mN2U2OGJjYjcwNDUiLCJjb2duaXRvOmdyb3VwcyI6WyJ1cy1lYXN0LTFfdU95SEt3cW9pX0dvb2dsZSJdLCJpc3MiOiJodHRwczpcL1wvY29nbml0by1pZHAudXMtZWFzdC0xLmFtYXpvbmF3cy5jb21cL3VzLWVhc3QtMV91T3lIS3dxb2kiLCJ2ZXJzaW9uIjoyLCJjbGllbnRfaWQiOiIyOTE5MmdycnBlOGxiMGJqNTExMTY1aDdyaSIsInRva2VuX3VzZSI6ImFjY2VzcyIsInNjb3BlIjoiYXdzLmNvZ25pdG8uc2lnbmluLnVzZXIuYWRtaW4gcGhvbmUgb3BlbmlkIHByb2ZpbGUgZW1haWwiLCJhdXRoX3RpbWUiOjE3NzU5MjE3MzMsImV4cCI6MTc3NTkyNTMzMywiaWF0IjoxNzc1OTIxNzM0LCJqdGkiOiJjMjFiY2EzNy05MGEzLTQzZWItYTc2OS05MjNkZmVhMjE2ZWMiLCJ1c2VybmFtZSI6Imdvb2dsZV8xMTI2MjA5NjU0NTUyNTQyNzc3MTUifQ.GaOyffsvmgxBZ7mLXPf8etmTyraOlvCIJbGcWpsajk1WFw6ccSdeUkzw6fBj69iZoWCcP9YJklc68Z6Dqv4Qoy57z3f_FI1KfFNH3LtWxCYUtf1zznNJhpZDMW2Kj66Q8ZMAr5nHY-5SpHhKNmlR3V4MxWPtySWSPzYNA74YjFE1S6aDeGDpymz6axD0_fCGWhETMF86Xwrwjk_uYooCjfBPjwcJAgGzDJ_G8F0AULy-ui_vHQYm-B_eLHMRn_wx7XyxKdpte5XqQV33ZVS_a2CcZazuQKnO8ioUm_CD-h8KMasM-LubWcg53eyu1A-i1bUjmSDsyBcOCFazWcZF4Au

