=== Refresh Tokens (2) ===
AAAAOlOSCLGULQcN5TUNCMyMPf+Gm4/Acm5GNlBsP8J98xDEgryC39qfzjGdTZ9nmRvhofEwCow4eFHEzx83Vn2FVfOAvxChrhAcKXCCEX8wPxN3aZoWI++0rJPS2nPAENhwMnTNy1Vb2+oryWMn2IUCW7DlkNhTgKE8guExQOYjp8+dizErieDwIroIMoHojgwp+PaGs7EHYeTgG0oMvC02N154DXxM4wb9kQjxP6nux7RxGoiTALKNZTs2h71t+c4avkGBHoDX8DRQRNyVbe5kurfHZkRvb4LcEOAHx8ywngN4E0tmLkmOvAj1wMcjHWbnMnEhhdxW1meYZPqFMha9ZdXEDD/v6L3ikHpe1EinqVk+JaHhlkDBuqwMpFQhIKWV
AAAAPCX8456hFpnVRZstW9VN3XIZL3QoKdYWYd7TPPAeN0GrEcLGLWioMkag1gKcia+NInTrvkxx0Fe2aObWrrpmP06PTEQWO2IyYBy367REXmni8HzHtzBQq7N6LoAKaetdP6nGr5tY3xACJDoAafwdxmfWZ4nVd2gvjc005R0lfaTORupr72jucfhhmdnuOWfk2Fgcry8syhiiF2KstGmu5NYyrAwH+utnJcfv+3wnGsJVSIRcyyY8gVVF3ZidxqVdnt6hhX3f/iB0YdqHCZunmglX7B7dsGLW+/U0uwUfv2iqbUVqQQtT1QCBIG7pTTJQdsaNemiVfAgytgUSXgxoHYUiOaGEisx7OL+dVoLvMYXQ6GEzn1ZT8KLYajzp8/Cd

=== IP Addresses (3) ===
200.123.52.71
1.3.1.1
1.0.0.37

=== Phone Numbers (114) ===
1782518158030
1782662196835
4224244117
2939368242
1782662194367
1782662194186
1782662198664
1785253857847
1783458000000
1783447200000
1783382400000
1783285200000
1783281600000
1783278000000
1783274400000
1783206000000
1783191600000
1783180800000
1783177200000
1786051318166
1783459318166
1786051329226
1783459329226
1786051354782
1783459354782
1786051386208
1783459386208
1786051414406
1783459414406
1786051450355
1783459450355
1786051466635
1783459466635
1786051476550
1783459476550
1786051482042
1783459482042
1783460457059
1783546856675
1783460456675
1786052455333
1783460455333
1786052602184
1783460602184
1783461600000
1786052701390
1783460701390
1786052717855
1783460717855
1783720347008
1786053242781
1783461242781
1786053250217
1783461250217
1786053267270
1783461267271
1786053300184
1783461300184
1786053310219
1783461310219
1786053345038
1783461345038
1784066202658
1783475801627
1783475801623
1783461402534
1783461403764
1783461402428
1783490202949
1783461403451
1791237403452
1791237404024
1791237403451
1814997487112
1783461487113
1783126302974
1783126306367
1782682940998
1782683720
1783126302
1783126315
1783287740039
1783140699558
1783140698660
1782942137008
1785274937008
1782686537008
1783385494086
1785718294086
1783129894086
1782682939916
1783155101939
1783126312961
1783215806083
1783230206964
1816643344750
1784477497660
1783230191653
1783287808611
1782683934078
1782684321444
1782684323961
1782770336715
1783194238046
1783208639182
1783181503164
1782662371120
1783286807414
54823961590
64614035111
1783285319.259
1783286650654
1783286888658
1783123214918

=== JWT Tokens (1) ===
eyJ0eXAiOiJKV1QiLCJhbGciOiJIUzI1NiJ9.eyJpc3MiOiJodHRwczovL3B1Ymxpc2hlci5saW5rdmVydGlzZS5jb20vZ3JhcGhxbCIsImlhdCI6MTc4MzQ2MTE5NSwibmJmIjoxNzgzNDYxMTk1LCJqdGkiOiJHTXltZFZCWFJGVXZLWWV5Iiwic3ViIjoxMjgxMjkxMCwicHJ2IjoiN2IzZmVmNDNmOTgxZTE3Nzc5MGQwMGJkZjQ1M2ZhZGM3NzNmNzI4YyJ9.4cKkzMj1J7P9Smv1GiN0R85TW4-HZdtUDXYMCAYeYjg

