=== Phone Numbers (42) ===
1700914095597
1700914095721
1700914095701
1700913870579
1700913872596
1700913902797
1700913904120
1700913934984
1700913935016
1700913967207
1700913967236
1700913999430
1700913999451
1700914031612
1700914031680
1700914063828
1700914063859
1700914095699
1700914095720
1700914293432
1700914291915
1700914294209
1700911420456
1700911422428
1700911467703
1700911469654
1700911580764
1700911584645
1700911626770
1700911630885
1700911672808
1700911676905
1700911718837
1700911722909
1700911765018
1700911768862
1700911811222
1700911814855
1700914291913
1700911814352
1700915182904
1700913868389

