=== Credit Cards (1) ===
4767242326636076

=== Phone Numbers (38) ===
1701407739865
1706701012744
1706697679637
1706690605272
1706697667488
1706164211127
1701070820539
1751964197006
1751964200240
1751965156148
1759160053008
1740721277358
1718001821528
1761592181524
1747221390623
1761592222609
1760194571910
1761518439996
1761584047537
1761486151256
1701244970939
1701245036810
1701838670494
1705223364650
1705223401698
1705223461991
1705223461990
1781399717970
1783173600000
1783136007375
1783215594539
1782519403324
1706606818419
1782615545802
1783136035467
1783136006898
1783230241550
1783230247166

