=== Access Tokens (1) ===
eyJhbGciOiJIUzI1NiIsInR5cCI6IkpXVCJ9.eyJhdWQiOiJodHRwczovL3d3dy5kZXNrdG9waHV0LmNvbSIsImV4cCI6MTc4NzczMTg2Nywic3ViIjoicGRGMG1zL0lSdk1mdVN1K1JSWjh5SFZqRFQ1Y2x4YkxlOS9SZFpYVWtNNHRiYzFFcGV1YnNGRWhMSXM3Zk0vcm1jTklLUT09In0.B6GwiIcnqFV4tq9rABz8yDMl4FXkI4rofll3RT7VOVc

=== Emails (4) ===
bkennard47@gmail.com
Bkennard47@gmail.com
f@tainer.visibile
1@lphardaudio.us

=== IP Addresses (10) ===
1.3.1.1
3.132.68.4
140.0.0.0
2.5.0.0
2.4.0.1
2.2.4.3
145.0.0.0
103.224.52.4
81.8.79.67
78.89.8.16

=== User Agents (2) ===
Mozilla/5.0 (TðU NT 10.0; Win64; x64) AppleWebKit/537.36 (KHTML, like Gecko) Chrome/140.0.0.0 Safari/5	3Edg/
Mozilla/5.0 (mðU NT 10.0; Win64; x64) AppleWebKit/537.36 (KHTML, like Gecko) Chrome/145.0.0.0 Safari/5	3Edg/

=== Phone Numbers (152) ===
1725770688853
1756641741904
1756641374035
1756640233016
20250830.52
1756641726000
1751901794
1756641387489
1756641399792
1783230020220
1783230016000
1817098808647
1783230002321
1783230302321
1783230035592
1791006035592
1783230008528
1783230056268
1791006056268
1783231200000
1782104400000
1785822060163
1783230060163
1814766125048
1783230125048
1783230167348
1783230162000
1783230163000
1783230183267
1783230183343
1783230183412
1783230183537
1783230183539
1783230183586
1783230183702
1783230183748
1783230183750
1783230184250
1783230184413
1783230184215
1783230185201
1783230219227
1783230215000
1783230273088
1783230273090
1783230273155
1783230274084
1785822274235
1783230274235
1767067113090
1765037644
1765066443
1765095242
1765037692
1765041291
1765044890
1765124043
1765210442
1765124415123
1765038014621
1771746125248
1773035022.289
1775629544924
39542442328142
1772249361836
1765038278614
1771751367
1773125856000
1763814394801
1778965040410
1758700897
1781421352881
1780145441514
1778915906
1758863100909
1758863120911
1758783806658
1758863111993
1758746207867
1767067128461
1759169387100
1761065981
1757333762634
1767501148671
1783135955000
1764572204
1771743750601
2461332456
1778950637828
1778950637806
1778936241061
1780232241066
360017780993
1771759190183
1758742943713
1758742829748
1778916950951
1777731931940
1811600675397
1777760673728
1777731874025
1760193570976
1767969570976
1771760014594
1779536014594
1772194511
1773038824496
1873112304
1771846384942
1771932761968
1774351986045
620830018452
1774460824
1761584095441
1761584095442
1761584095360
1761584095359
1761584095411
1761584095314
1761584096896
1783244399440
1783244399419
1783230002355
1791006002355
1783230002742
1783230001252
1783258802699
1783230003618
1759257330350
1760548318
1760634715
1760721114
1760548321489
1777215587016
1811081573254
1777096281004
6836410760
1782628468399
1782656524077
1783230007517
1759044062235
1778301869058
1779805048517
1777213069297
1777213051205
1138783718
1757328757632
1778312566172
1778341512042
1778916504826
19467971253
1809190636080

=== JWT Tokens (5) ===
eyJhbGciOiJSU0EtT0FFUCIsImVuYyI6IkExMjhDQkMtSFMyNTYiLCJ4NXQiOiJLYm1DcTdXMVZfVFJkRFZNdnhmZWZYYzhVMlUiLCJ6aXAiOiJERUYifQ.mZ4UCXet7gjgkZDF3lD0hmwSu65mRxkq9hL6A9KZk8wit9iZRJOuGlGkQGTRy4NHeZnie4pyNDXE8L-42PzhIAiokgIju6Ei8KLIUtK06lH_SCmNgEn_RDSYLSRoNaslHj38MGGsHsYPXMnGl9Ly_rZCndVbMSn8Ermzy1NJhBUNeUDlXN6OfgSSccJFiDoaip_qGmG3W5vmHOKeeMSGS2AEpqyIUzJEzaxQJ970ydwjabZvqMqQsG3VUNXKfDRyybKFuHxs6pWTuxglNefEp1TcjQT52KpiDtF0_ycHTAaRmSdGvTR4lRmx9jMpuC6iGxBYblQ1xllJUNoL_kFYyA.Kwzr_VGygOLV_LUuWposDg
eyJhbGciOiJSU0EtT0FFUCIsImVuYyI6IkExMjhDQkMtSFMyNTYiLCJ4NXQiOiJ1VWR4bk83emR6a0t3SXBjMzBJY2thWjdIMnciLCJ6aXAiOiJERUYifQ.JVm_3U1kOr_XhP-y32tlpvp-VV25gmWffVA6GC1zoXqwi53JsraoEUgrTHn9uFuLdJkX3NrAMVp6Vjp4MsCpdbwKxDv4UHK7l_4U3cTpYItTqWFxt7GuGWkN0gXZiW-1WarMUS_xaqo8AfMnN_r274-7ZLc0roUeMNUlM1zWGbfCNFTH7uD4Dgn6iuL22YiSDlxMUWiGaJo7oY0Teqv0lxsFZ--Co35ki0dgqrSf9TEoYWr-EwssriGPhlCabVesfFaiLhjAZp5T6WSY6QPPeF_D3WpbUFCvs0kuyFS5Lt3tAxIHx4acFNd491Ci6Umatq65Dk4WdwIvoi7IC9CZJQ.rNOIhAxG7qSrlfdhSv78hQ
eyJhbGciOiJIUzI1NiIsInR5cCI6IkpXVCJ9.eyJ1c2VySWQiOiJ3ZWI4ODQ2Mi0zZGE2LTRmMTctODYxMS1hOGJkY2JiZmJkYmEiLCJpYXQiOjE3NTg3NDMwOTksImV4cCI6MTc1OTM0Nzg5OX0._XI5YFTfw0Y4xQ0YwQH3tsxVY6qgytU3wS7H44ieSwE
eyJhbGciOiJIUzI1NiIsInR5cCI6IkpXVCJ9.eyJpZCI6IjI4MjMxNTgiLCJ0eXBlIjoiY3VzdG9tZXIiLCJleHAiOjE3NjA0NjU5ODd9.IrvzaKUsyk2oovQRJEcIHenQTE8cs9MsfuON9pdjykI
eyJhbGciOiJIUzI1NiIsInR5cCI6IkpXVCJ9.eyJhdWQiOiJodHRwczovL3d3dy5kZXNrdG9waHV0LmNvbSIsImV4cCI6MTc4NzczMTg2Nywic3ViIjoicGRGMG1zL0lSdk1mdVN1K1JSWjh5SFZqRFQ1Y2x4YkxlOS9SZFpYVWtNNHRiYzFFcGV1YnNGRWhMSXM3Zk0vcm1jTklLUT09In0.B6GwiIcnqFV4tq9rABz8yDMl4FXkI4rofll3RT7VOVc

