=== IP Addresses (2) ===
1.3.1.1
1.0.0.37

=== Phone Numbers (37) ===
1775364720099
1777956736093
1782932111701
1782974401714
1783085082105
1783085082106
1778300017508
1780475057774
1775928795095
1775899995230
1776688406346
1776681202942
1781882904581
1780485761000
1778923548485
1780187373647
1780187596420
87453914136
2282893526
1809233840473
1775365040170
1783141040170
1787963453123
1780187456594
1780187487230
1775365028296
1780187457834
1780216184919
1781483460737
1781483385286
1444589732
1775899957964
1781191282688
1781184082365
1775899925339
1775899922679
1778896800000

=== JWT Tokens (1) ===
eyJhbGciOiJSU0EtT0FFUCIsImVuYyI6IkExMjhDQkMtSFMyNTYiLCJ4NXQiOiJycVpYaWRKRUxnUTB6TzNCcUtjU2lKNHBqa3MiLCJ6aXAiOiJERUYifQ.JXcfy66CbLb69FQSOWeyq8iEfc2DTS7pIApGA18CjN894_G11yoxgAiYGjXMqQBlPbPVLrS0EHhdTtoFurpxMC_osRP-ekPlVHwnFJH4JzQzeRPhUuyCBinNDgUfJMi2N7XOy4VtL1fp20Nq_ciXbxzmWYpcRnuyixVlNyBL41RsTK99u70hmlnSBykC4gvJRDZn84qd5r58wZGQsMYZUA1tbz4s4m90xB2Iayi8m9NYIRndr8KdcmK1JHhmrMav42yazE0AYdNzLmKYQxhy0CmvCMBbnCggWMh_SQa_iO10llLnTetTqURrQV77ypqbjJ3LPbpzvU0fzYWWc6GzoA.elHRHlQduDjyD76pBh8pHQ

