=== IP Addresses (5) ===
81.8.79.67
78.89.8.16
16.31.6.8
8.25.30.110
08.26.7.111

=== Locations (1) ===
AU

=== Phone Numbers (39) ===
1781329644723
1781329645705
1781329045542
1781329045560
1781357548388
1781328744034
1979266711
1781398477097
1781398477455
1781397878357
1781397878373
1781330442996
1781330442735
1781329843111
1781329843114
1781416363950
1781396693516
1781346055131
1781329555681
1781371959077
1781399737706
1781399389783
1781401537706
1781401189783
1781398237044
1781398237047
1781397939130
1781397732526
1782693939130
1782693732526
1781401539390
1781397976527
1782693976527
1781402028635
1781751830911
1781751883674
1781751884319
1781751948243
1781402038893

