=== Phone Numbers (70) ===
1779177569722
1779177569827
2125669661
1782269895942
1779983251306
5270307540
1782193186077
1782270323442
1781752148297
1784361810941
3358482247
1779293924157
1813466687094
1782272385893
1782272409839
1782271735
1782236278193
1782236122
1782229321515
1782227215
1782221456390
1782205805
1782205654099
1781971767
1781971767145
1781947830
1781943651209
1781787138
1781778049465
1781771650
1781771701097
1781599908
4294967293
1781590530910
1781332036
1781329839617
1781126328
1781119243715
1781061001
1781793926120
1780598491
1780595048217
1780489137
1780458761302
1780330871
1780329798218
1782272497798
1780257956828
1780330886137
1781126359014
1782236132943
1781947850685
1781599933355
1780489153056
1780598521550
1781778028979
1782227230491
1781794036289
1781332046240
1781606203426
1781787153625
1782272502512
1782207570673
1782272502517
1782272557799
1782272596209
1782272617799
1782272278199
1781565157570
1782272349332

