=== Emails (2) ===
awaedwards@gmail.com
-@n.org

=== IP Addresses (3) ===
131.0.0.0
6.3.2.1
1.158.91.249

=== Locations (1) ===
NZ

=== Phone Numbers (85) ===
1725028591007
1725226248381
1725307959931
1725018691009
1737442763243
1737442761689
1734937165
1734848414787
1734848418040
1734937769887
1734947654023
1734937764518
1734938925877
1734937129958
1726906597919
1726907220165
1726777601017
1734940801406
1734947822100
1734947816287
1734947803053
1734937197
1734937796288
1729384184083
1738069200000
1738114646587
1738114645254
1738114645252
1738114653360
1738114648332
1738114646649
1738114646771
1738114648952
1738114648977
1738114654861
1738114646165
1292262827
2479571283
3695065393
3756111947
1040654279
1738114646181
1985626644
1738114646182
1738114646245
1738114646365
3256179711
1738114646366
1538742835
1738114646368
1738114646369
4200357235
1738114646403
3166514804
4054402474
1738114646410
1749006307
1738114646458
1259022303
1738114646499
1738114646761
1738114648334
1738114648355
1738114648374
1738114648375
1738114648507
1738114648554
1738114648556
1738114648888
1738114648953
1738114653083
1812119177
1738114653319
4031110183
1738114653353
1738114653354
1738114653355
1764993495063
1772769495063
1765079942038
1764993542038
1796529542034
1764993542034
1767585542041
1764993542041

