=== Credit Cards (3) ===
6564310601217852
4203993008472022
4961715681076479

=== Phone Numbers (53) ===
1780992875254
1747212201173
1778895943375
1780992879260
1765001188921
1756621261310
1764470300220
1713161456572
1780391845719
1780391949818
1275819862
1762561068482
1764770167411
1764770172011
1764770175690
1743211381698
1744799797709
1744799797710
1746514048044
1746514048045
1747396633967
1747396645033
1747300657116
1735013933743
1768461409640
1776324068699
1771108112237
1773476836623
1773476836712
1775030974177
1775030975029
1775030975030
1777797081189
1777798846694
1781013600000
1729292425294
1783173600000
1783246099494
1783246125887
1781405556694
1783117579392
1782725868582
1756372746463
1776778634148
1783256727985
1774240978550
1757799172647
1766701781640
1768371102889
1783252230818
1780398004939
1783257924875
1783256763064

